3007631826
833911159203827712
631749926
2513274632
833911216078675968
2866837734
1490462970
846606572247629824
833911146209955842
844057150972354561
833911323222175745
1689655040
839017273964679168
838989171519737856
2942703422
2306824202
833911215449468929
833911391224373248
4839178688
833911482551197696
833911485638156289
292275523
2386154839
463913976
833914647681982464
835765018784210944
4848251501
838980396389810177
2233949958
833911467262947328
833911524473217025
3063311052
2825284514
815905676379553798
833911243459043328
2294352439
833911239524823040
833911642580594692
427324095
1789130346
1440710384
833912248984670209